996770137956
996770137984
996770138051
996770138059
996770138066
996770138135
996770138454
996770138553
996770139169
996770139289
996770139617
996770139640
996770139855
996770140199
996770140356
996770140439
996770141839
996770142363
996770142380
996770142515
996770142560
996770142773
996770143505
996770143603
996770143827
996770143845
996770143932
996770144118
996770145043
996770145144
996770145203
996770145283
996770145528
996770145532
996770145819
996770145863
996770145939
996770146139
996770146368
996770146396
996770146430
996770146519
996770146567
996770146756
996770146831
996770146846
996770146902
996770146938
996770146942
996770147032
996770147063
996770147219
996770147281
996770147570
996770147720
996770147845
996770147960
996770148132
996770148496
996770148773
996770149218
996770149265
996770149968
996770150636
996770150708
996770150817
996770150822
996770150831
996770151129
996770151135
996770151464
996770151493
996770151662
996770151675
996770151917
996770151935
996770151972
996770152048
996770152101
996770152137
996770152163
996770152181
996770152231
996770152278
996770152343
996770152444
996770152549
996770152604
996770152641
996770152660
996770152776
996770152817
996770152840
996770152930
996770153102
996770153112
996770153185
996770153195
996770153239
996770153419
996770153452
996770107424
996770107442
996770107472
996770107567
996770107864
996770107971
996770108053
996770108173
996770108509
996770108659
996770108680
996770108719
996770108762
996770108838
996770108987
996770109132
996770109153
996770109446
996770109652
996770112415
996770114825
996770120323
996770120375
996770120378
996770120955
996770121029
996770121435
996770121542
996770121715
996770121750
996770121780
996770121928
996770122033
996770123017
996770123272
996770123315
996770123380
996770123447
996770123509
996770123935
996770123945
996770124104
996770124131
996770124268
996770124295
996770124602
996770124631
996770124871
996770124977
996770125108
996770125207
996770125209
996770125255
996770125361
996770125419
996770125421
996770125646
996770125675
996770125739
996770125893
996770125898
996770125993
996770126336
996770126744
996770126812
996770127084
996770127325
996770127509
996770127697
996770127926
996770128013
996770128471
996770128629
996770128746
996770128779
996770128785
996770128793
996770129033
996770129374
996770129388
996770129395
996770129465
996770129791
996770129883
996770129979
996770130275
996770130478
996770130527
996770130758
996770130821
996770130849
996770130866
996770131004
996770131052
996770131066
996770131261
996770131498
996770131546
996770131637
996770131660
996770131762
996770131765
996770131771
996770131772
996770131776
996770132060
996770132072
996770132091
996770132138
996770132426
996770132885
996770133392
996770133436
996770133705
996770002574
996770006822
996770013073
996770013193
996770013406
996770013517
996770013537
996770013539
996770013606
996770013693
996770014652
996770014719
996770014846
996770014969
996770015237
996770015548
996770015879
996770015929
996770016133
996770020152
996770020342
996770020541
996770020577
996770020958
996770021376
996770021553
996770021571
996770021605
996770021742
996770021864
996770022124
996770022363
996770022513
996770022624
996770022765
996770022919
996770023090
996770023104
996770023132
996770023215
996770023296
996770023317
996770023468
996770023488
996770023529
996770023659
996770023980
996770032370
996770033201
996770055192
996770060302
996770067208
996770067446
996770069219
996770070454
996770073846
996770073990
996770074955
996770075264
996770075439
996770076023
996770078196
996770078648
996770079103
996770080928
996770081238
996770081707
996770083445
996770083589
996770083990
996770084653
996770084662
996770084682
996770084802
996770085165
996770086134
996770087422
996770088905
996770089850
996770089884
996770091241
996770092622
996770092770
996770095113
996770096585
996770100259
996770100751
996770100822
996770100929
996770101137
996770101237
996770101375
996770101636
996770101790
996770101830
996770102007
996770102333
996770102551
996770102613
996770102723
996770102824
996770103158
996770103196
996770103326
996770103393
996770103969
996770104272
996770104608
996770104624
996770104680
996770104878
996770105018
996770105086
996770105124
996770105320
996770105332
996770105460
996770105521
996770105875
996770105971
996770106008
996770106130
996770106311
996770106635
996770106781
996770106905
996770106976
996770107105
996770203523
996770203542
996770203574
996770203624
996770203681
996770203766
996770203801
996770203849
996770203851
996770203852
996770203854
996770203870
996770204044
996770204092
996770204152
996770204247
996770204301
996770204476
996770204862
996770204993
996770205128
996770205270
996770205307
996770205434
996770205540
996770205847
996770206144
996770206253
996770206348
996770206423
996770206477
996770206538
996770206580
996770206773
996770206781
996770206921
996770206946
996770206998
996770207008
996770207345
996770207387
996770207551
996770207579
996770207635
996770207724
996770207773
996770207824
996770208044
996770208071
996770208146
996770208387
996770208394
996770208424
996770208500
996770208565
996770208571
996770208675
996770208768
996770208845
996770208853
996770209034
996770209179
996770209215
996770209504
996770209514
996770209516
996770209548
996770209703
996770210042
996770210153
996770210586
996770210639
996770210753
996770210795
996770210836
996770211026
996770211201
996770211239
996770211265
996770211415
996770211422
996770211459
996770211490
996770211651
996770211853
996770212311
996770212359
996770212363
996770212543
996770212594
996770212658
996770212680
996770212753
996770212782
996770212813
996770212841
996770213018
996770213113
996770213129
996770213167
996770213245
996770213429
996770213504
996770213534
996770213571
996770213606
996770213742
996770213759
996770213901
996770213904
996770213930
996770214044
996770214184
996770214186
996770214202
996770214364
996770214380
996770214391
996770214617
996770214736
996770214795
996770214873
996770214910
996770214961
996770214963
996770214997
996770215097
996770215098
996770215301
996770215495
996770215613
996770215689
996770215837
996770215978
996770216183
996770216378
996770216407
996770216436
996770216452
996770216489
996770216698
996770216717
996770216722
996770216882
996770216959
996770217012
996770217053
996770217125
996770217505
996770217539
996770217641
996770217658
996770217716
996770217749
996770217866
996770217982
996770218506
996770218512
996770218643
996770218658
996770218661
996770218788
996770218806
996770218850
996770219310
996770219315
996770219318
996770219357
996770219448
996770219550
996770219652
996770219801
996770219822
996770219924
996770219978
996770219980
996770225332
996770225697
996770227054
996770227243
996770227874
996770229531
996770229890
996770230145
996770230361
996770230363
996770230364
996770230480
996770230522
996770230574
996770230634
996770231163
996770231454
996770231499
996770231539
996770231578
996770231736
996770231777
996770231904
996770231945
996770232142
996770232464
996770232470
996770232478
996770232516
996770232767
996770233188
996770233250
996770233291
996770233307
996770233356
996770233635
996770233651
996770233659
996770233695
996770233716
996770234027
996770234052
996770234066
996770234193
996770234233
996770234510
996770234834
996770234841
996770234863
996770234941
996770234997
996770235037
996770235093
996770235177
996770235456
996770235559
996770235880
996770236022
996770236038
996770236077
996770236275
996770236327
996770236356
996770236385
996770236469
996770236491
996770236506
996770236599
996770237083
996770237186
996770237209
996770237270
996770237491
996770237516
996770237586
996770237613
996770237693
996770237731
996770237748
996770237759
996770237817
996770237826
996770238055
996770238126
996770238128
996770238221
996770238277
996770238293
996770238451
996770238468
996770238477
996770238482
996770238558
996770238692
996770238697
996770238850
996770238861
996770239084
996770239134
996770239167
996770239208
996770239232
996770239522
996770239570
996770239791
996770239821
996770240071
996770240274
996770240349
996770240415
996770240477
996770240703
996770241197
996770241336
996770241580
996770241614
996770241638
996770241651
996770241667
996770241682
996770241707
996770241849
996770241852
996770241863
996770242063
996770242110
996770242359
996770242546
996770242581
996770242609
996770242768
996770242785
996770242816
996770242908
996770242938
996770242967
996770243035
996770243080
996770243107
996770243260
996770243265
996770243475
996770243569
996770243745
996770243874
996770244048
996770244053
996770244146
996770244430
996770244461
996770244503
996770244586
996770245099
996770245482
996770245792
996770245995
996770246111
996770246166
996770246167
996770246429
996770246934
996770247146
996770247150
996770247185
996770247211
996770247273
996770247540
996770247678
996770247689
996770247840
996770247885
996770248201
996770248220
996770248532
996770248773
996770248789
996770248862
996770249025
996770249033
996770249043
996770249122
996770249185
996770249390
996770249547
996770249705
996770249750
996770249773
996770249880
996770250043
996770250317
996770250656
996770250768
996770250861
996770250926
996770251085
996770251447
996770251521
996770251532
996770251643
996770251704
996770251789
996770251959
996770252061
996770252349
996770252356
996770252610
996770252985
996770253058
996770253200
996770253518
996770253548
996770254003
996770254139
996770254168
996770254247
996770254416
996770254554
996770254622
996770254795
996770254813
996770254965
996770255120
996770255276
996770255406
996770255414
996770255493
996770255568
996770255653
996770255673
996770255676
996770255692
996770255721
996770256383
996770256533
996770257088
996770257250
996770257321
996770257391
996770257397
996770257399
996770257485
996770257537
996770257889
996770257950
996770258046
996770258113
996770258149
996770258324
996770258333
996770258371
996770258479
996770258537
996770258751
996770258824
996770258906
996770258975
996770259012
996770259331
996770259485
996770259641
996770259873
996770259932
996770260090
996770260256
996770260370
996770260429
996770260935
996770260940
996770260941
996770261259
996770261573
996770261967
996770262180
996770263848
996770263918
996770263961
996770264039
996770264054
996770264089
996770264379
996770264546
996770264616
996770264669
996770265914
996770266177
996770266208
996770266297
996770266361
996770266631
996770266824
996770266987
996770267110
996770267392
996770268009
996770268156
996770268159
996770268163
996770268572
996770268785
996770269029
996770269113
996770269140
996770269246
996770269329
996770269493
996770269783
996770270562
996770270594
996770270630
996770271698
996770271995
996770272535
996770272993
996770273010
996770273069
996770273212
996770273245
996770273525
996770273563
996770273621
996770273638
996770273698
996770273699
996770273714
996770273903
996770274065
996770274250
996770274371
996770274409
996770274504
996770274713
996770274809
996770274930
996770275199
996770275245
996770275326
996770275375
996770275528
996770275904
996770276058
996770276143
996770276579
996770276761
996770276837
996770276883
996770276897
996770276959
996770277184
996770278303
996770278352
996770279010
996770279166
996770279170
996770279196
996770279420
996770279425
996770279449
996770279599
996770280162
996770280658
996770280663
996770280745
996770281088
996770281123
996770281228
996770281267
996770281302
996770281309
996770281391
996770282276
996770283132
996770283581
996770283734
996770283916
996770283976
996770284229
996770284250
996770284337
996770284674
996770284708
996770284764
996770284778
996770285105
996770285200
996770285359
996770285711
996770285816
996770286233
996770286317
996770286372
996770286394
996770286454
996770286459
996770286494
996770286553
996770286571
996770286670
996770287089
996770287122
996770287168
996770287349
996770287361
996770287486
996770287489
996770287607
996770287719
996770287896
996770287984
996770288378
996770288491
996770288956
996770289137
996770289328
996770289426
996770289829
996770290142
996770290744
996770290904
996770291101
996770291295
996770291628
996770291723
996770291865
996770292155
996770292511
996770292784
996770292835
996770293053
996770293125
996770293796
996770293803
996770294153
996770294703
996770294713
996770294724
996770294954
996770295412
996770295490
996770295714
996770295732
996770296046
996770296090
996770296238
996770296502
996770296579
996770296673
996770296776
996770296935
996770297267
996770297423
996770297443
996770297539
996770298046
996770298128
996770298321
996770298336
996770298352
996770298530
996770298673
996770298725
996770298852
996770298903
996770298936
996770298986
996770299459
996770299865
996770299945
996770300273
996770301368
996770301775
996770302729
996770302751
996770302779
996770302863
996770302867
996770302871
996770302888
996770302918
996770303428
996770303485
996770303512