9779766601770
9779769226757
9779763544326
9779765726395
9779765646939
9779768326811
9779765621439
9779769642212
9779763912915
9779767132854
9779769534286
9779760813236
9779763724225
9779765775657
9779760727787
9779765269356
9779762043937
9779766466577
9779769803989
9779768807590
9779765549534
9779764604501
9779766867845
9779760730592
9779766522105
9779768245071
9779765911946
9779768525999
9779766185686
9779762984072
9779768958977
9779765743708
9779766214870
9779769424639
9779763912430
9779766675663
9779765123684
9779764912073
9779766321434
9779763008606
9779763886070
9779762383993
9779762507738
9779761313817
9779763927392
9779768700567
9779768514230
9779769887426
9779764904096
9779763367774
9779763557850
9779768915581
9779766622738
9779766170830
9779769280861
9779767338184
9779769260923
9779765902958
9779762551762
9779765124383
9779766495078
9779763466869
9779767590088
9779764273541
9779762742904
9779766010694
9779768788844
9779768736710
9779765870177
9779765540028
9779764564663
9779762046553
9779768891232
9779762827095
9779761860843
9779762895345
9779765714074
9779767326114
9779765978540
9779767464248
9779766529439
9779765220198
9779769812728
9779767528615
9779768457333
9779763134448
9779769647407
9779767933403
9779763442559
9779765414461
9779767072955
9779769419812
9779765514923
9779765359022
9779768139565
9779768778083
9779765176806
9779767465698
9779769276551
9779762905940
9779767216045
9779768676425
9779768739145
9779762815014
9779762451428
9779764947773
9779766367090
9779765256192
9779763287630
9779765535669
9779763550524
9779763418347
9779768365263
9779762451577
9779763157835
9779766221956
9779760797134
9779765784254
9779767853312
9779765652393
9779766352530
9779764524643
9779765346812
9779769427811
9779763888843
9779764880129
9779768727402
9779764428770
9779767734417
9779761886601
9779765008292
9779763098276
9779762179149
9779768717709
9779762279343
9779768150277
9779765991820
9779768628442
9779761281879
9779765364944
9779763561827
9779762457883
9779766463085
9779763692635
9779769907539
9779763238675
9779762003193
9779764731982
9779764249606
9779766542247
9779761360501
9779769325849
9779763576513
9779763238194
9779763554212
9779762578906
9779763505072
9779767554418
9779766879893
9779762965114
9779765743190
9779762509604
9779766490029
9779765530537
9779767474119
9779768161708
9779763992585
9779765627918
9779762422108
9779768078708
9779764190693
9779763878689
9779764188087
9779764806446
9779761341684
9779765603112
9779763860379
9779769622368
9779763918722
9779764705931
9779769671553
9779766729001
9779765361950
9779762757758
9779764290776
9779762351490
9779769963820
9779763215784
9779761298014
9779769754886
9779764363922
9779769604604
9779767455842
9779761358536
9779763771865
9779768142897
9779769075989
9779767560347
9779768405615
9779764583571
9779760790218
9779764778833
9779768405475
9779764582316
9779765957296
9779767654141
9779766222644
9779763403196
9779761334018
9779760738756
9779769474149
9779769794922
9779764806890
9779763825361
9779764815701
9779764215796
9779763376580
9779762648783
9779768303359
9779768635004
9779760725546
9779762748696
9779769857859
9779767088226
9779766755581
9779762148837
9779766549124
9779764568495
9779768513702
9779761320468
9779761341424
9779762188831
9779767630344
9779766750055
9779761335037
9779763684649
9779769052494
9779769582198
9779767673067
9779763644956
9779767278559
9779764531344
9779764807603
9779761875539
9779766469785
9779763015736
9779766544639
9779768259176
9779764964517
9779767115109
9779762525090
9779768275021
9779769461578
9779765931858
9779765730967
9779765957621
9779769700887
9779767107472
9779761969279
9779760752633
9779761284208
9779760812776
9779764164740
9779762637896
9779764669862
9779769926750
9779763370039
9779762182402
9779764413817
9779761806030
9779762520154
9779767618233
9779760787814
9779761912570
9779764140587
9779767299437
9779767275251
9779763645292
9779763197940
9779762139270
9779766727426
9779761792746
9779767388554
9779767587798
9779762755098
9779769573861
9779766875027
9779767438070
9779761927334
9779762916737
9779767458161
9779767644705
9779762089702
9779761316353
9779768476821
9779762332307
9779764465885
9779768945474
9779766947684
9779767955478
9779768741382
9779763441630
9779761966556
9779765581048
9779761270844
9779765044159
9779768013950
9779764364209
9779768346221
9779763505349
9779762016396
9779764832285
9779769692417
9779769185835
9779761332224
9779769382319
9779761868481
9779760805739
9779768691659
9779766858676
9779763660219
9779762885300
9779764583775
9779767641340
9779768178463
9779763987036
9779763948873
9779764415492
9779765528217
9779769266217
9779769800642
9779764468939
9779764343118
9779766480263
9779769063652
9779764194696
9779767820590
9779765356893
9779761299220
9779764667536
9779761833916
9779769490024
9779765319492
9779769995710
9779767193269
9779765740874
9779760787820
9779763966078
9779768987195
9779768694534
9779769801064
9779766898650
9779764909062
9779767490688
9779768024150
9779766799742
9779768577784
9779769139334
9779764614003
9779765999295
9779762977213
9779768683665
9779762244752
9779763973567
9779761771717
9779761360456
9779760758149
9779767918571
9779765700346
9779763078120
9779769778828
9779762281312
9779762903635
9779764221078
9779768375060
9779763061254
9779764203913
9779761348132
9779768214808
9779764288509
9779765955163
9779767399841
9779762457947
9779762636505
9779763544689
9779766804789
9779767269625
9779763336368
9779767233309
9779767404508
9779762695550
9779766065162
9779763941683
9779767457613
9779769260633
9779768827397
9779769859615
9779764098281
9779763851279
9779762111174
9779766992021
9779766741231
9779765871892
9779768714108
9779766078912
9779768073091
9779767705415
9779764969655
9779769460297
9779761306434
9779767191803
9779769652899
9779765412182
9779763215550
9779767977369
9779765653306
9779766961496
9779768118856
9779769882600
9779768088944
9779761915676
9779769562341
9779767980345
9779769264773
9779768499665
9779762586535
9779762234183
9779769017730
9779769028821
9779767712825
9779766081149
9779764926269
9779764695230
9779764101150
9779767759821
9779766326965
9779766628396
9779766888835
9779766955254
9779763793895
9779767419789
9779766513637
9779763189890
9779767081406
9779764748226
9779767696450
9779766473006
9779768567271
9779766766386
9779762607922
9779760724571
9779766511457
9779763669019
9779766605554
9779766814192
9779766324496
9779769472989
9779767361473
9779764752513
9779764531957
9779769463219
9779765132395
9779764000480
9779762434023
9779761331183
9779769371165
9779766115497
9779764206981
9779767450988
9779767012843
9779765460290
9779766062002
9779764856678
9779768566700
9779767123783
9779767284116
9779764698287
9779761347964
9779767152471
9779763606670
9779769228690
9779766212437
9779762683622
9779769131625
9779764253891
9779764866896
9779763912202
9779764107950
9779760801319
9779765629583
9779761293166
9779767837800
9779764255025
9779761343136
9779765931899
9779762735602
9779763082775
9779764261653
9779764652472
9779762742457
9779761344788
9779768747432
9779765303810
9779765459717
9779769440316
9779768561487
9779769066185
9779767587013
9779766847142
9779761350435
9779767662041
9779766936976
9779761795059
9779762504719
9779768995819
9779767901820
9779763889236
9779767681623
9779763534441
9779767079439
9779760807927
9779764171463
9779767124217
9779768145061
9779764475260
9779762736739
9779765814237
9779767913779
9779762035013
9779764382332
9779763086497
9779763543163
9779766909048
9779769818226
9779762352835
9779767580604
9779765597584
9779762176487
9779765561785
9779768745018
9779763314118
9779768086004
9779763661277
9779762131725
9779764246719
9779762603879
9779768323711
9779768624138
9779760743017
9779768721718
9779763673021
9779761329795
9779763997681
9779765403114
9779767159119
9779763963966
9779762241422
9779763369366
9779766814481
9779760760147
9779766729454
9779769454696
9779764901580
9779763983623
9779763970340
9779764726985
9779769876096
9779766590448
9779763471715
9779765922796
9779765688391
9779765244151
9779761970838
9779767327859
9779762960626
9779761335796
9779763354323
9779764959151
9779764493603
9779767615751
9779762380648
9779767658197
9779766551933
9779768594130
9779768281416
9779766334786
9779766704316
9779764748541
9779762502913
9779765023021
9779764318867
9779762342060
9779767439421
9779767161712
9779764503609
9779763236947
9779762675314
9779767309764
9779765138959
9779761318101
9779761800622
9779765404253
9779765552599
9779765557040
9779768393411
9779768701534
9779764338293
9779766629087
9779762624192
9779764191229
9779767465546
9779763066637
9779763426010
9779769019446
9779763663122
9779762137097
9779764768544
9779768045174
9779767985766
9779764739877
9779767959309
9779767730815
9779763437468
9779762709577
9779762577214
9779763551698
9779769887262
9779765699199
9779760748066
9779768506669
9779767638743
9779765452415
9779764228106
9779763439921
9779765144839
9779761907145
9779768783209
9779765329265
9779767705959
9779762472078
9779764312818
9779769972310
9779764134758
9779766731329
9779762841945
9779764099386
9779769926338
9779761863751
9779762715613
9779768389172
9779762679298
9779761279800
9779768924888
9779763724905
9779764893820
9779764831916
9779762277226
9779762540994
9779761292444
9779763646738
9779768575652
9779768739607
9779768419321
9779763161460
9779766517489
9779760781455
9779763534223
9779761360761
9779762379561
9779769081309
9779766522291
9779766593142
9779769087642
9779767524394
9779769870869
9779767619195
9779769762019
9779767305314
9779768099439
9779764271760
9779762831914
9779768691111
9779763248138
9779767932805
9779761990919
9779767761837
9779767414825
9779769511549
9779768278205
9779762227125
9779769475228
9779765814665
9779766724261
9779763435873
9779769696672
9779767756691
9779762131927
9779763404466
9779763229747
9779762408256
9779769419239
9779767053198
9779764747686
9779765441350
9779766853447
9779763233808
9779766503004
9779766735404
9779761886674
9779766606116
9779761292178
9779766371319
9779762800006
9779766645140
9779764517406
9779768528588
9779769404142
9779766711395
9779765560069
9779768585341
9779763623107
9779766267600
9779766288824
9779764713636
9779764634059
9779769156260
9779766882343
9779766047777
9779769519672
9779767486632
9779765477387
9779766040682
9779762648829
9779762159332
9779761352004
9779769040383
9779762466864
9779767095806
9779766468233
9779767172236
9779762882087
9779767602283
9779767700337
9779764996377
9779767890718
9779769028366
9779767402557
9779765041652
9779761984518
9779766994415
9779762593691
9779766873730
9779764591089
9779767155673
9779763986621
9779768743311
9779769136976
9779763511612
9779766334561
9779768984693
9779766821506
9779769357140
9779763113769
9779767746870
9779763925830
9779769306920
9779766817233
9779762117211
9779763944600
9779767036496
9779769564042
9779768335349
9779766460409
9779767043438
9779762446571
9779768215196
9779769766560
9779763504119
9779764642412
9779767867373
9779769861388
9779768010441
9779768265263
9779763090321
9779765182856
9779762294734
9779762912329
9779761301210
9779763992422
9779769256853
9779761295063
9779764052413
9779764116144
9779767476438
9779769852662
9779761289185
9779768892734
9779767623727
9779764220275
9779766566384
9779765360788
9779765177466
9779763886975
9779768161302
9779763096189
9779767738738
9779763564697
9779762113446
9779766319991
9779766342302
9779765133152
9779765268989
9779769440231
9779763951067
9779764780323
9779765228881
9779768012432
9779761319041
9779764333173
9779767770355
9779765240711
9779762109420
9779768952021
9779766323548
9779761855792
9779768028904
9779760737808
9779765744410
9779764325253
9779762787702
9779766681599
9779761791326
9779765421564
9779766675182
9779761859631
9779760744551
9779763952688
9779769186907
9779766128320
9779766028861
9779764118344
9779766166847
9779768585777
9779769846036
9779763432711
9779769454250
9779767296524
9779768177662
9779762451295
9779763657490
9779765808393
9779767157090
9779766203134
9779767749643
9779760796568
9779763303888
9779765446446
9779767147916
9779764209441
9779765992430
9779762566365
9779763951508
9779766054841
9779764191782
9779762569886
9779768967945
9779762257707
9779764256684
9779765557330
9779766063253
9779765158930
9779762423566
9779766107830
9779763581110
9779767521430
9779765063726
9779764636402
9779763762290
9779760744133
9779763508126
9779762253498
9779760737018
9779767924819
9779766094692
9779768604934
9779762773669
9779762966083
9779766291293
9779765895231
9779762257118
9779766937729
9779761290784
9779765800004
9779766847145
9779769673874
9779768583031
9779768476860
9779761271103
9779764143513
9779762623843
9779763452565
9779768444152
9779762654176
9779763952820
9779765012938
9779763108373
9779762893287
9779768346432
9779769838073
9779763273631
9779762112284
9779768906332
9779768273642
9779765578163
9779767019491
9779762377311
9779767334899
9779762795968
9779761284208
9779762857557
9779767175744
9779763660361
9779768883421
9779762796500
9779763364883
9779769633521
9779768178383
9779760751416
9779767865472
9779767774198
9779768004111
9779763292192
9779763134396
9779762178413
9779762473385
9779761964892
9779763059474
9779763854515
9779762870675
9779768580459
9779762267747
9779764558982
9779764247008
9779765265049
9779769720115
9779765204249
9779767538211
9779764620603
9779769592941
9779766343531
9779765458160
9779765822955
9779766245608
9779766225417
9779769201631
9779767884582
9779768489998
9779762668290
9779767991785
9779766740700
9779765894528
9779766935993
9779766858676
9779765706440
9779763246570
9779768150855
9779769406439
9779762735491
9779762792675
9779767183962
9779766996937
9779765634858
9779765834536
9779768985824
9779764031861
9779766106677
9779768054435
9779769412356
9779762490912
9779764512519
9779766861453
9779766267006
9779769154492
9779764316701
9779762227996
9779764093727
9779768740566
9779769261357
9779768377338
9779762875567
9779760729611
9779762783762
9779760735388
9779764293018
9779766469540
9779765262490
9779769947089
9779765379964
9779765916193
9779767040525