966572768636
966572672253
966572741461
966572694440
966572793817
966572732888
966572798228
966572814225
966572808427
966572729151
966572713141
966572702691
966572775885
966572746574
966572711630
966572774931
966572676113
966572781796
966572800179
966572794830
966572752091
966572666383
966572792536
966572738820
966572681161
966572795083
966572790428
966572717968
966572689074
966572755701
966572685757
966572709605
966572761559
966572739325
966572667078
966572814075
966572706612
966572770068
966572777228
966572673638
966572803873
966572799236
966572703171
966572750002
966572810370
966572812870
966572777244
966572795139
966572718781
966572761922
966572733994
966572781048
966572750213
966572711346
966572775405
966572711885
966572781898
966572750640
966572682215
966572804058
966572751274
966572725904
966572815485
966572787174
966572792805
966572704393
966572766012
966572673658
966572749504
966572717104
966572677845
966572801034
966572706345
966572674914
966572752022
966572812341
966572772114
966572774209
966572772929
966572684873
966572720823
966572728418
966572705831
966572787144
966572696251
966572780007
966572692428
966572748218
966572805889
966572757754
966572768273
966572710374
966572716878
966572765855
966572749781
966572687755
966572665776
966572806452
966572803941
966572795569
966572801073
966572686449
966572681344
966572790807
966572769856
966572720897
966572709358
966572712726
966572796250
966572779351
966572685711
966572668938
966572749022
966572789684
966572699458
966572671027
966572689900
966572809108
966572686430
966572775252
966572796370
966572718709
966572744985
966572732008
966572690150
966572807942
966572671671
966572810803
966572726899
966572773762
966572719919
966572789780
966572713951
966572771275
966572745048
966572741206
966572774390
966572688090
966572752307
966572709412
966572675814
966572811409
966572714964
966572740363
966572756235
966572712852
966572690106
966572759697
966572712391
966572715533
966572691341
966572688290
966572812318
966572776720
966572737829
966572795841
966572672819
966572726070
966572792739
966572782947
966572777997
966572719071
966572692342
966572774382
966572750618
966572723586
966572776099
966572782888
966572774049
966572703755
966572676085
966572797680
966572785888
966572693635
966572705563
966572689517
966572734702
966572788140
966572692812
966572772113
966572797720
966572763485
966572665318
966572704586
966572801970
966572765002
966572679768
966572790385
966572727929
966572716317
966572689220
966572806676
966572701933
966572789214
966572701392
966572786376
966572793077
966572711853
966572729812
966572670933
966572769154
966572732396
966572728636
966572791457
966572682941
966572740526
966572726479
966572695600
966572764598
966572666156
966572803974
966572692764
966572691280
966572704586
966572791137
966572762235
966572666712
966572751238
966572712014
966572716786
966572810016
966572751374
966572676751
966572789676
966572729567
966572693300
966572779131
966572745842
966572676128
966572668711
966572739103
966572676288
966572714075
966572792413
966572810786
966572711902
966572801532
966572713756
966572781857
966572686600
966572722066
966572790887
966572804432
966572709129
966572757564
966572762738
966572739008
966572694479
966572686745
966572749723
966572701458
966572736634
966572762945
966572710748
966572672022
966572739057
966572683284
966572775718
966572804790
966572810621
966572794238
966572676843
966572706116
966572690045
966572814388
966572675213
966572712763
966572672148
966572809984
966572743159
966572669417
966572705348
966572803396
966572740520
966572713118
966572804239
966572787715
966572760930
966572719475
966572702547
966572679634
966572780251
966572736322
966572805907
966572797888
966572778126
966572788645
966572692269
966572781119
966572728675
966572667804
966572730762
966572770477
966572737499
966572737736
966572686617
966572739660
966572722964
966572675855
966572773676
966572669235
966572684165
966572783531
966572757246
966572798453
966572726727
966572742924
966572796453
966572723987
966572744633
966572715193
966572697067
966572700384
966572741923
966572681158
966572765534
966572772850
966572730703
966572703324
966572733668
966572753927
966572698513
966572674360
966572747369
966572678408
966572799393
966572801238
966572705376
966572747038
966572767958
966572731734
966572726837
966572781766
966572723345
966572803027
966572732338
966572794573
966572807423
966572703273
966572815349
966572731557
966572757054
966572701397
966572746705
966572753648
966572703576
966572741577
966572692536
966572756958
966572776939
966572705422
966572775534
966572798134
966572682464
966572767790
966572805774
966572686990
966572679588
966572798899
966572707717
966572792176
966572725939
966572710317
966572688178
966572743788
966572732496
966572759746
966572732964
966572725522
966572767109
966572799921
966572689124
966572742467
966572712048
966572726875
966572721346
966572740508
966572712222
966572710093
966572665537
966572720438
966572807127
966572731512
966572738169
966572718891
966572774726
966572780468
966572669958
966572703982
966572753227
966572749975
966572782184
966572708722
966572794690
966572728547
966572767239
966572701543
966572754031
966572802557
966572811606
966572800134
966572776291
966572697920
966572700616
966572792725
966572755678
966572793656
966572806590
966572705093
966572722781
966572751110
966572782579
966572786425
966572671287
966572666989
966572707203
966572769257
966572714036
966572692730
966572740110
966572757202
966572782924
966572741887
966572812785
966572688493
966572699626
966572697701
966572723223
966572792847
966572801134
966572682238
966572756290
966572686277
966572797459
966572764968
966572801195
966572749538
966572785066
966572738271
966572710892
966572814896
966572704696
966572759640
966572789942
966572677127
966572805747
966572738434
966572787507
966572684747
966572744608
966572678891
966572736461
966572755667
966572700637
966572688237
966572672475
966572780944
966572704413
966572752486
966572707640
966572674423
966572708935
966572813649
966572670442
966572685865
966572797710
966572685871
966572682156
966572717265
966572715127
966572759447
966572714909
966572729703
966572736680
966572701716
966572746300
966572675963
966572724408
966572811906
966572743363
966572801023
966572746180
966572703243
966572731768
966572721652
966572805537
966572780896
966572754401
966572714281
966572750829
966572700939
966572786919
966572679401
966572737045
966572693848
966572698337
966572688829
966572765546
966572669760
966572713461
966572682771
966572720996
966572787191
966572784361
966572713377
966572671289
966572770379
966572809155
966572774624
966572754132
966572803725
966572786076
966572701855
966572677090
966572688519
966572749407
966572677249
966572672349
966572775198
966572813422
966572698967
966572777963
966572760182
966572783338
966572798715
966572776175
966572807016
966572672154
966572785619
966572756820
966572748145
966572785455
966572790524
966572691970
966572676536
966572666562
966572733289
966572795412
966572692166
966572743069
966572791880
966572805183
966572678761
966572723175
966572744985
966572781973
966572748073
966572793645
966572809049
966572673797
966572727315
966572694827
966572789187
966572760481
966572767027
966572728495
966572732442
966572702207
966572735454
966572739360
966572719571
966572734315
966572737605
966572702021
966572756192
966572769819
966572725647
966572681842
966572679190
966572670674
966572755069
966572758198
966572690481
966572773330
966572712098
966572785787
966572703317
966572794027
966572796612
966572753345
966572768278
966572717468
966572771616
966572781537
966572745217
966572723394
966572695394
966572678743
966572691187
966572794433
966572784311
966572692488
966572726005
966572737978
966572719583
966572769821
966572733409
966572706378
966572756020
966572798029
966572688490
966572671552
966572728891
966572738055
966572734441
966572675019
966572717892
966572773964
966572795782
966572717287
966572705023
966572665329
966572720522
966572772478
966572693608
966572673438
966572705356
966572797142
966572773657
966572705715
966572799439
966572793103
966572760899
966572763899
966572726517
966572783968
966572712526
966572675127
966572699341
966572812529
966572731529
966572703788
966572712161
966572670963
966572793410
966572776722
966572722419
966572762676
966572671448
966572700699
966572809727
966572730362
966572684472
966572726109
966572770973
966572676768
966572805908
966572726218
966572766312
966572773089
966572700192
966572719835
966572783784
966572715754
966572769700
966572699474
966572713349
966572753093
966572694702
966572721553
966572673025
966572786579
966572800694
966572693717
966572778467
966572802830
966572682691
966572691790
966572742247
966572705427
966572743331
966572750546
966572756365
966572797134
966572713852
966572785994
966572785148
966572794346
966572807121
966572773085
966572772139
966572740097
966572781046
966572715509
966572750704
966572736197
966572672109
966572670186
966572771849
966572765372
966572781828
966572702655
966572710336
966572721264
966572808425
966572744377
966572800259
966572801203
966572682551
966572690689
966572703480
966572695878
966572682082
966572756919
966572665602
966572772504
966572713750
966572696307
966572712838
966572793883
966572710558
966572740437
966572747682
966572732254
966572811554
966572732317
966572811334
966572687011
966572732015
966572807651
966572787098
966572672473
966572702920
966572727503
966572722566
966572713524
966572796253
966572720113
966572758488
966572789790
966572752614
966572809035
966572698651
966572698196
966572688350
966572792498
966572793859
966572770900
966572790796
966572715883
966572775743
966572810076
966572804945
966572753078
966572773773
966572687098
966572758422
966572779603
966572783896
966572718623
966572668549
966572681073
966572759574
966572706414
966572678949
966572703771
966572752982
966572728091
966572806096
966572702880
966572813534
966572694310
966572694787
966572808333
966572812218
966572733925
966572715042
966572750859
966572770324
966572671802
966572792156
966572760044
966572811397
966572683598
966572744299
966572711148
966572790993
966572693048
966572667215
966572795799
966572759306
966572800705
966572805829
966572809096
966572788471
966572689315
966572730547
966572759397
966572706159
966572815092
966572722474
966572801457
966572811761
966572697735
966572777082
966572674263
966572754762
966572791348
966572705076
966572716334
966572773286
966572688994
966572804625
966572768336
966572743419
966572706224
966572806749
966572727902
966572706924
966572697004
966572702122
966572814529
966572762554
966572676967
966572737944
966572801252
966572745036
966572719641
966572815405
966572713174
966572761735
966572793253
966572711365
966572759663
966572782588
966572702424
966572667450
966572805744
966572708245
966572794697
966572762011
966572775818
966572750261
966572767396
966572765349
966572814711
966572751660
966572768659
966572770958
966572684225
966572719264
966572810428
966572671321
966572794986
966572712754
966572787600
966572740324
966572672814
966572779228
966572675144
966572716799
966572725648
966572814729
966572794216
966572786929
966572733914
966572688080
966572782902
966572771339
966572768286
966572738083
966572680032
966572704803
966572705972
966572797987
966572775799
966572683729
966572686965
966572776639
966572697877
966572670902
966572798290
966572770619
966572726180
966572746045
966572770043
966572736193
966572711439
966572707211
966572762627
966572809660
966572682277
966572801038
966572712688
966572690714
966572721177
966572703170
966572682329
966572797462
966572687246
966572691504
966572807313
966572756626
966572672584
966572800926
966572703060
966572693926
966572694631
966572764868
966572707824
966572687164
966572699191
966572751529
966572771813
966572670936
966572762756
966572710149
966572720366
966572709897
966572784867
966572747086
966572762283
966572672749
966572680801
966572798843
966572681076
966572667732
966572688935
966572798592
966572759218
966572713018
966572738050
966572718518
966572715894
966572775934
966572790395
966572690022
966572735071
966572721433
966572703290
966572807821
966572726359
966572738483
966572684272
966572745819
966572758496
966572766644
966572806045
966572737769
966572786835
966572671581
966572759882
966572812030
966572746045
966572803861
966572779489
966572726439
966572788900
966572718322
966572778062
966572796412
966572735707
966572683758
966572758427
966572809434
966572747456
966572754713
966572674600
966572693018
966572758218
966572771292
966572705258
966572753520
966572727302
966572793100
966572720357
966572765718
966572667073
966572770820
966572684611
966572713777
966572694348
966572743698
966572726669
966572694326
966572743150
966572760216
966572691454
966572734351
966572762510
966572693915
966572722884
966572801610
966572729779
966572667667
966572805848
966572755416
966572768246
966572758052
966572704038
966572811730
966572702522
966572699038
966572755306
966572746993