 380913745404
380919514452
380914738540
380917105527
380914771421
380913695837
380910477887
380917226471
380913447681
380914415063
380917633157
380917390493
380912634479
380910844751
380917685641
380914870036
380918086537
380914818948
380913567866
380917767909
380917089688
380916203509
380914376113
380913226600
380910357748
380916525118
380917855875
380916905287
380919133625
380912570672
380919950332
380915719838
380914179462
380911410729
380910287649
380919156921
380910874088
380919577728
380914073741
380912171293
380910614189
380913386642
380912427875
380912217280
380917671540
380915073615
380914992621
380911576575
380918841626
380910862130
380912222638
380912828465
380919386480
380915160530
380916995505
380913753604
380912897529
380917072668
380917585357
380911199007
380918744226
380916097670
380910886480
380916060923
380917960387
380913256384
380914433506
380917950136
380913461993
380916148070
380917533641
380915209051
380912144576
380915094730
380918013513
380911130596
380916674764
380911360646
380915815828
380914448557
380919923212
380917364886
380912478326
380918328130
380914187750
380917556949
380910141453
380915317242
380917650697
380910113373
380913072544
380918014090
380912776810
380915492218
380916323335
380911678971
380918366002
380916403769
380912953775
380915913781 
380972360941
380977344398
380971656512
380977887637
380976436248
380970909617
380977951673
380975782369
380976721803
380976315419
380970981474
380971663559
380971261116
380977295272
380979428942
380976987632
380974167190
380975390431
380970365376
380977742101
380975644601
380974165292
380976421047
380977659433
380973128248
380973360506
380978936432
380976292161
380976497187
380979651832
380973318704
380972673245
380977683694
380977823047
380978052276
380975025915
380977537781
380977402096
380974517939
380973947923
380975565880
380976601133
380976107996
380976097405
380973299320
380972177295
380973085050
380975814616
380971585438
380977198847
380970211332
380971899092
380972303089
380977077663
380974786336
380972186235
380974669142
380975947865
380976347257
380974557325
380972871538
380977777960
380979811093
380974839539
380974117921
380970052214
380979562216
380978148152
380971814520
380970230375
380977427769
380975798793
380972813528
380974729597
380977518315
380972320328
380973563337
380979221760
380971816300
380971875822
380973854316
380978237335
380973392694
380977664194
380971050775
380970520114
380970368071
380972884503
380976840279
380972008544
380975574907
380978741246
380972263414
380979694598
380972734382
380979290855
380976079064
380978573094
380974957348
380972052357
380977897767
380976982367
380979847766
380979849378
380970930503
380978948253
380970555926
380972533781
380973923776
380979435460
380974026886
380975088229
380975549434
380978307714
380978935697
380971224762
380970270171
380973146374
380971169051
380978420572
380974256041
380972926588
380975745356
380977520674
380977290967
380978945669
380974244974
380977630133
380972267299
380970141844
380972991459
380973608686
380971948488
380976138008
380977010632
380970422350
380974986049
380973396391
380976528845
380970211404
380972723978
380978846662
380971537270
380973770916
380974396736
380974267150
380975560919
380970430339
380970214101
380974989568
380970212386
380979516083
380976010458
380979977925
380974682252
380974667279
380970416907
380979411169
380979982307
380979935838
380979571448
380978395142
380975103407
380974576096
380977835314
380976389089
380978215022
380975194655
380979748354
380974998567
380973732959
380976737908
380970435814
380970426053
380975360610
380979763128
380978768648
380971623182
380977791050
380972273239
380970755289
380979867503
380978129738
380972242983
380971587730
380975457412
380977033290
380975232912
380978834602
380977299374
380970696101
380976613500
380972028888
380976806274
380978805911
380976146281
380979558953
380970137317
380970180241
380977415240